2.226875393971854827e-03 3.440384422566380995e-02 8.894562719168633280e-02 1.620665147463685452e-01 2.550060941499133205e-01 3.613637503958507802e-01 4.808327556587806417e-01 6.108204129895709045e-01 7.430686629232338136e-01 8.827461232674049807e-01 1.014022919490556118e+00 1.146144317682392222e+00 1.262798964517137357e+00 1.370125774211229608e+00 1.457682431704893755e+00 1.524337836931132006e+00 1.566366395076198348e+00 1.573375297105251702e+00 1.543725274346326781e+00 1.439786099247678974e+00
3.440384422566380995e-02 3.672829932268615455e-03 6.246242187189198630e-02 1.421973708909475831e-01 2.425764237769454101e-01 3.598379206188702661e-01 4.893745418271293612e-01 6.312775057596242689e-01 7.766091105023293917e-01 9.275129986230533641e-01 1.072397737862412326e+00 1.214885246282628506e+00 1.343756581588205989e+00 1.460772575796173811e+00 1.556673178306754002e+00 1.629912735821234193e+00 1.674597937447869445e+00 1.686049486381811402e+00 1.652409180829666591e+00 1.543725274346326781e+00
8.894562719168633280e-02 6.246242187189198630e-02 5.909388724678520978e-03 9.068277863732672472e-02 1.957235896967613464e-01 3.185758231605079205e-01 4.563844557312450867e-01 6.041767632301924262e-01 7.568066187462886285e-01 9.159157915458856491e-01 1.067433346053909160e+00 1.218410487322295177e+00 1.352605466540822254e+00 1.476467143486568379e+00 1.577578181525230105e+00 1.655533289938654562e+00 1.705185147870897699e+00 1.716249898700306531e+00 1.686049486381811402e+00 1.573375297105251702e+00
1.620665147463685452e-01 1.421973708909475831e-01 9.068277863732672472e-02 8.449992379168816056e-03 1.183885351205216790e-01 2.463050856636022912e-01 3.877863266159798372e-01 5.431098080228182745e-01 7.004633345851679627e-01 8.655311293041567655e-01 1.023654683915167896e+00 1.179565486577867306e+00 1.320282985083298000e+00 1.448861139608264237e+00 1.554538022423899379e+00 1.636960821639981578e+00 1.688948181177897689e+00 1.705185147870897699e+00 1.674597937447869445e+00 1.566366395076198348e+00
2.550060941499133205e-01 2.425764237769454101e-01 1.957235896967613464e-01 1.183885351205216790e-01 9.933691715033683006e-03 1.431150385396479652e-01 2.893621259194849582e-01 4.484152537197183541e-01 6.136682985346223473e-01 7.817348448090311042e-01 9.450973929336046186e-01 1.106143117492774275e+00 1.250958371190831420e+00 1.384476753130554849e+00 1.494660977211709207e+00 1.580233128420168276e+00 1.636960821639981578e+00 1.655533289938654562e+00 1.629912735821234193e+00 1.524337836931132006e+00
3.613637503958507802e-01 3.598379206188702661e-01 3.185758231605079205e-01 2.463050856636022912e-01 1.431150385396479652e-01 1.245644145132458573e-02 1.651960212426403785e-01 3.288820585717001643e-01 4.966606180649494884e-01 6.720934232088728866e-01 8.378143062569395338e-01 1.003854425235188197e+00 1.152682733808479076e+00 1.290113611536215066e+00 1.404189804183828327e+00 1.494660977211709207e+00 1.554538022423899379e+00 1.577578181525230105e+00 1.556673178306754002e+00 1.457682431704893755e+00
4.808327556587806417e-01 4.893745418271293612e-01 4.563844557312450867e-01 3.877863266159798372e-01 2.893621259194849582e-01 1.651960212426403785e-01 1.327496125727633224e-02 1.832782142215290955e-01 3.563198505463175958e-01 5.343188831656887627e-01 7.089994672456497726e-01 8.763751404783957089e-01 1.031423266697702790e+00 1.171299121208967842e+00 1.290113611536215066e+00 1.384476753130554849e+00 1.448861139608264237e+00 1.476467143486568379e+00 1.460772575796173811e+00 1.370125774211229608e+00
6.108204129895709045e-01 6.312775057596242689e-01 6.041767632301924262e-01 5.431098080228182745e-01 4.484152537197183541e-01 3.288820585717001643e-01 1.832782142215290955e-01 1.514726358861050864e-02 1.961622528007068156e-01 3.783579753573206861e-01 5.547801127658790188e-01 7.297838680867999583e-01 8.852244071334672837e-01 1.031423266697702790e+00 1.152682733808479076e+00 1.250958371190831420e+00 1.320282985083298000e+00 1.352605466540822254e+00 1.343756581588205989e+00 1.262798964517137357e+00
7.430686629232338136e-01 7.766091105023293917e-01 7.568066187462886285e-01 7.004633345851679627e-01 6.136682985346223473e-01 4.966606180649494884e-01 3.563198505463175958e-01 1.961622528007068156e-01 1.550099146327755736e-02 2.049254139880121728e-01 3.875125744610953826e-01 5.645774707572407403e-01 7.297838680867999583e-01 8.763751404783957089e-01 1.003854425235188197e+00 1.106143117492774275e+00 1.179565486577867306e+00 1.218410487322295177e+00 1.214885246282628506e+00 1.146144317682392222e+00
8.827461232674049807e-01 9.275129986230533641e-01 9.159157915458856491e-01 8.655311293041567655e-01 7.817348448090311042e-01 6.720934232088728866e-01 5.343188831656887627e-01 3.783579753573206861e-01 2.049254139880121728e-01 1.622242636095146129e-02 2.068152504837308669e-01 3.875125744610953826e-01 5.547801127658790188e-01 7.089994672456497726e-01 8.378143062569395338e-01 9.450973929336046186e-01 1.023654683915167896e+00 1.067433346053909160e+00 1.072397737862412326e+00 1.014022919490556118e+00
1.014022919490556118e+00 1.072397737862412326e+00 1.067433346053909160e+00 1.023654683915167896e+00 9.450973929336046186e-01 8.378143062569395338e-01 7.089994672456497726e-01 5.547801127658790188e-01 3.875125744610953826e-01 2.068152504837308669e-01 1.622242636095146129e-02 2.049254139880121728e-01 3.783579753573206861e-01 5.343188831656887627e-01 6.720934232088728866e-01 7.817348448090311042e-01 8.655311293041567655e-01 9.159157915458856491e-01 9.275129986230533641e-01 8.827461232674049807e-01
1.146144317682392222e+00 1.214885246282628506e+00 1.218410487322295177e+00 1.179565486577867306e+00 1.106143117492774275e+00 1.003854425235188197e+00 8.763751404783957089e-01 7.297838680867999583e-01 5.645774707572407403e-01 3.875125744610953826e-01 2.049254139880121728e-01 1.550099146327755736e-02 1.961622528007068156e-01 3.563198505463175958e-01 4.966606180649494884e-01 6.136682985346223473e-01 7.004633345851679627e-01 7.568066187462886285e-01 7.766091105023293917e-01 7.430686629232338136e-01
1.262798964517137357e+00 1.343756581588205989e+00 1.352605466540822254e+00 1.320282985083298000e+00 1.250958371190831420e+00 1.152682733808479076e+00 1.031423266697702790e+00 8.852244071334672837e-01 7.297838680867999583e-01 5.547801127658790188e-01 3.783579753573206861e-01 1.961622528007068156e-01 1.514726358861050864e-02 1.832782142215290955e-01 3.288820585717001643e-01 4.484152537197183541e-01 5.431098080228182745e-01 6.041767632301924262e-01 6.312775057596242689e-01 6.108204129895709045e-01
1.370125774211229608e+00 1.460772575796173811e+00 1.476467143486568379e+00 1.448861139608264237e+00 1.384476753130554849e+00 1.290113611536215066e+00 1.171299121208967842e+00 1.031423266697702790e+00 8.763751404783957089e-01 7.089994672456497726e-01 5.343188831656887627e-01 3.563198505463175958e-01 1.832782142215290955e-01 1.327496125727633224e-02 1.651960212426403785e-01 2.893621259194849582e-01 3.877863266159798372e-01 4.563844557312450867e-01 4.893745418271293612e-01 4.808327556587806417e-01
1.457682431704893755e+00 1.556673178306754002e+00 1.577578181525230105e+00 1.554538022423899379e+00 1.494660977211709207e+00 1.404189804183828327e+00 1.290113611536215066e+00 1.152682733808479076e+00 1.003854425235188197e+00 8.378143062569395338e-01 6.720934232088728866e-01 4.966606180649494884e-01 3.288820585717001643e-01 1.651960212426403785e-01 1.245644145132458573e-02 1.431150385396479652e-01 2.463050856636022912e-01 3.185758231605079205e-01 3.598379206188702661e-01 3.613637503958507802e-01
1.524337836931132006e+00 1.629912735821234193e+00 1.655533289938654562e+00 1.636960821639981578e+00 1.580233128420168276e+00 1.494660977211709207e+00 1.384476753130554849e+00 1.250958371190831420e+00 1.106143117492774275e+00 9.450973929336046186e-01 7.817348448090311042e-01 6.136682985346223473e-01 4.484152537197183541e-01 2.893621259194849582e-01 1.431150385396479652e-01 9.933691715033683006e-03 1.183885351205216790e-01 1.957235896967613464e-01 2.425764237769454101e-01 2.550060941499133205e-01
1.566366395076198348e+00 1.674597937447869445e+00 1.705185147870897699e+00 1.688948181177897689e+00 1.636960821639981578e+00 1.554538022423899379e+00 1.448861139608264237e+00 1.320282985083298000e+00 1.179565486577867306e+00 1.023654683915167896e+00 8.655311293041567655e-01 7.004633345851679627e-01 5.431098080228182745e-01 3.877863266159798372e-01 2.463050856636022912e-01 1.183885351205216790e-01 8.449992379168816056e-03 9.068277863732672472e-02 1.421973708909475831e-01 1.620665147463685452e-01
1.573375297105251702e+00 1.686049486381811402e+00 1.716249898700306531e+00 1.705185147870897699e+00 1.655533289938654562e+00 1.577578181525230105e+00 1.476467143486568379e+00 1.352605466540822254e+00 1.218410487322295177e+00 1.067433346053909160e+00 9.159157915458856491e-01 7.568066187462886285e-01 6.041767632301924262e-01 4.563844557312450867e-01 3.185758231605079205e-01 1.957235896967613464e-01 9.068277863732672472e-02 5.909388724678520978e-03 6.246242187189198630e-02 8.894562719168633280e-02
1.543725274346326781e+00 1.652409180829666591e+00 1.686049486381811402e+00 1.674597937447869445e+00 1.629912735821234193e+00 1.556673178306754002e+00 1.460772575796173811e+00 1.343756581588205989e+00 1.214885246282628506e+00 1.072397737862412326e+00 9.275129986230533641e-01 7.766091105023293917e-01 6.312775057596242689e-01 4.893745418271293612e-01 3.598379206188702661e-01 2.425764237769454101e-01 1.421973708909475831e-01 6.246242187189198630e-02 3.672829932268615455e-03 3.440384422566380995e-02
1.439786099247678974e+00 1.543725274346326781e+00 1.573375297105251702e+00 1.566366395076198348e+00 1.524337836931132006e+00 1.457682431704893755e+00 1.370125774211229608e+00 1.262798964517137357e+00 1.146144317682392222e+00 1.014022919490556118e+00 8.827461232674049807e-01 7.430686629232338136e-01 6.108204129895709045e-01 4.808327556587806417e-01 3.613637503958507802e-01 2.550060941499133205e-01 1.620665147463685452e-01 8.894562719168633280e-02 3.440384422566380995e-02 2.226875393971854827e-03
