1.001152112559735349e-03 1.640472107288652379e-02 4.388761120860851933e-02 8.279540575715195472e-02 1.340149308847953802e-01 1.934720085007526902e-01 2.624337374306199844e-01 3.336431899711706506e-01 4.120132248387147200e-01 4.908550754095006852e-01 5.698461817820433817e-01 6.368626501121340544e-01 7.031367911621284605e-01 7.548414647333117067e-01 7.954126595282363654e-01 8.211470468187772598e-01 8.225465050312633641e-01 8.014418251070372090e-01 7.465675154930616619e-01 6.455330561871068795e-01
1.640472107288652379e-02 2.396061341416556596e-03 3.268087657904367865e-02 7.792120557584654439e-02 1.365366025264611038e-01 2.065573613573253864e-01 2.868927765982184352e-01 3.734243451104496958e-01 4.655252089988475284e-01 5.597599014316047006e-01 6.507084997539380744e-01 7.345808879577889750e-01 8.116402852798604295e-01 8.780756585227362798e-01 9.162464646609449481e-01 9.519611990159086989e-01 9.633478328737468122e-01 9.371875752883808142e-01 8.737533024813787241e-01 7.465675154930616619e-01
4.388761120860851933e-02 3.268087657904367865e-02 4.480458683630785324e-03 5.182003938162973999e-02 1.146751410077990890e-01 1.912499879291567617e-01 2.785171023710943383e-01 3.739199255066295025e-01 4.775789631444355976e-01 5.755232972521947543e-01 6.760890579211039642e-01 7.767350952546214771e-01 8.538672294982924127e-01 9.227710086717315630e-01 9.775863381408284036e-01 1.016655701466016470e+00 1.016384720368521233e+00 9.953054700542959266e-01 9.371875752883808142e-01 8.014418251070372090e-01
8.279540575715195472e-02 7.792120557584654439e-02 5.182003938162973999e-02 6.334672746227661654e-03 7.188110613569248519e-02 1.509968653838373587e-01 2.449729308095945357e-01 3.442524143989195151e-01 4.513995373219887308e-01 5.623837186253202169e-01 6.736609494200496151e-01 7.632108961692900539e-01 8.617733012746989774e-01 9.355342088546282353e-01 1.000956240760327409e+00 1.029277597185985105e+00 1.055860626064765384e+00 1.016384720368521233e+00 9.633478328737468122e-01 8.225465050312633641e-01
1.340149308847953802e-01 1.365366025264611038e-01 1.146751410077990890e-01 7.188110613569248519e-02 8.282942527684241524e-03 9.025028798967958676e-02 1.873375836844810294e-01 2.932074905714690538e-01 4.058135246409789176e-01 5.166676538997861945e-01 6.308748039553161435e-01 7.376201491851411829e-01 8.327029892392375787e-01 9.180989677414452821e-01 9.773334620860020250e-01 1.019836261748597872e+00 1.029277597185985105e+00 1.016655701466016470e+00 9.519611990159086989e-01 8.211470468187772598e-01
1.934720085007526902e-01 2.065573613573253864e-01 1.912499879291567617e-01 1.509968653838373587e-01 9.025028798967958676e-02 1.124064875501056687e-02 1.067141274412157642e-01 2.163314602247593532e-01 3.334202896248411041e-01 4.495354654461028998e-01 5.670033644709971954e-01 6.787287856132587782e-01 7.883534080171323843e-01 8.627906967938778759e-01 9.250133251390968425e-01 9.773334620860020250e-01 1.000956240760327409e+00 9.775863381408284036e-01 9.162464646609449481e-01 7.954126595282363654e-01
2.624337374306199844e-01 2.868927765982184352e-01 2.785171023710943383e-01 2.449729308095945357e-01 1.873375836844810294e-01 1.067141274412157642e-01 1.208746876264086764e-02 1.221269511849921302e-01 2.405280298727531518e-01 3.645076941331467646e-01 4.842670729577804867e-01 5.985628832932260446e-01 7.062141353870612370e-01 7.972275570542135537e-01 8.627906967938778759e-01 9.180989677414452821e-01 9.355342088546282353e-01 9.227710086717315630e-01 8.780756585227362798e-01 7.548414647333117067e-01
3.336431899711706506e-01 3.734243451104496958e-01 3.739199255066295025e-01 3.442524143989195151e-01 2.932074905714690538e-01 2.163314602247593532e-01 1.221269511849921302e-01 1.390430592488959075e-02 1.323739015081346060e-01 2.599415530258699647e-01 3.823868116987798049e-01 4.996660937899010668e-01 6.085342777397335645e-01 7.062141353870612370e-01 7.883534080171323843e-01 8.327029892392375787e-01 8.617733012746989774e-01 8.538672294982924127e-01 8.116402852798604295e-01 7.031367911621284605e-01
4.120132248387147200e-01 4.655252089988475284e-01 4.775789631444355976e-01 4.513995373219887308e-01 4.058135246409789176e-01 3.334202896248411041e-01 2.405280298727531518e-01 1.323739015081346060e-01 1.576736897125656164e-02 1.392253459505519153e-01 2.665793512997285952e-01 3.827145625086141867e-01 4.996660937899010668e-01 5.985628832932260446e-01 6.787287856132587782e-01 7.376201491851411829e-01 7.632108961692900539e-01 7.767350952546214771e-01 7.345808879577889750e-01 6.368626501121340544e-01
4.908550754095006852e-01 5.597599014316047006e-01 5.755232972521947543e-01 5.623837186253202169e-01 5.166676538997861945e-01 4.495354654461028998e-01 3.645076941331467646e-01 2.599415530258699647e-01 1.392253459505519153e-01 1.512497216646139196e-02 1.421611286671637664e-01 2.665793512997285952e-01 3.823868116987798049e-01 4.842670729577804867e-01 5.670033644709971954e-01 6.308748039553161435e-01 6.736609494200496151e-01 6.760890579211039642e-01 6.507084997539380744e-01 5.698461817820433817e-01
5.698461817820433817e-01 6.507084997539380744e-01 6.760890579211039642e-01 6.736609494200496151e-01 6.308748039553161435e-01 5.670033644709971954e-01 4.842670729577804867e-01 3.823868116987798049e-01 2.665793512997285952e-01 1.421611286671637664e-01 1.512497216646139196e-02 1.392253459505519153e-01 2.599415530258699647e-01 3.645076941331467646e-01 4.495354654461028998e-01 5.166676538997861945e-01 5.623837186253202169e-01 5.755232972521947543e-01 5.597599014316047006e-01 4.908550754095006852e-01
6.368626501121340544e-01 7.345808879577889750e-01 7.767350952546214771e-01 7.632108961692900539e-01 7.376201491851411829e-01 6.787287856132587782e-01 5.985628832932260446e-01 4.996660937899010668e-01 3.827145625086141867e-01 2.665793512997285952e-01 1.392253459505519153e-01 1.576736897125656164e-02 1.323739015081346060e-01 2.405280298727531518e-01 3.334202896248411041e-01 4.058135246409789176e-01 4.513995373219887308e-01 4.775789631444355976e-01 4.655252089988475284e-01 4.120132248387147200e-01
7.031367911621284605e-01 8.116402852798604295e-01 8.538672294982924127e-01 8.617733012746989774e-01 8.327029892392375787e-01 7.883534080171323843e-01 7.062141353870612370e-01 6.085342777397335645e-01 4.996660937899010668e-01 3.823868116987798049e-01 2.599415530258699647e-01 1.323739015081346060e-01 1.390430592488959075e-02 1.221269511849921302e-01 2.163314602247593532e-01 2.932074905714690538e-01 3.442524143989195151e-01 3.739199255066295025e-01 3.734243451104496958e-01 3.336431899711706506e-01
7.548414647333117067e-01 8.780756585227362798e-01 9.227710086717315630e-01 9.355342088546282353e-01 9.180989677414452821e-01 8.627906967938778759e-01 7.972275570542135537e-01 7.062141353870612370e-01 5.985628832932260446e-01 4.842670729577804867e-01 3.645076941331467646e-01 2.405280298727531518e-01 1.221269511849921302e-01 1.208746876264086764e-02 1.067141274412157642e-01 1.873375836844810294e-01 2.449729308095945357e-01 2.785171023710943383e-01 2.868927765982184352e-01 2.624337374306199844e-01
7.954126595282363654e-01 9.162464646609449481e-01 9.775863381408284036e-01 1.000956240760327409e+00 9.773334620860020250e-01 9.250133251390968425e-01 8.627906967938778759e-01 7.883534080171323843e-01 6.787287856132587782e-01 5.670033644709971954e-01 4.495354654461028998e-01 3.334202896248411041e-01 2.163314602247593532e-01 1.067141274412157642e-01 1.124064875501056687e-02 9.025028798967958676e-02 1.509968653838373587e-01 1.912499879291567617e-01 2.065573613573253864e-01 1.934720085007526902e-01
8.211470468187772598e-01 9.519611990159086989e-01 1.016655701466016470e+00 1.029277597185985105e+00 1.019836261748597872e+00 9.773334620860020250e-01 9.180989677414452821e-01 8.327029892392375787e-01 7.376201491851411829e-01 6.308748039553161435e-01 5.166676538997861945e-01 4.058135246409789176e-01 2.932074905714690538e-01 1.873375836844810294e-01 9.025028798967958676e-02 8.282942527684241524e-03 7.188110613569248519e-02 1.146751410077990890e-01 1.365366025264611038e-01 1.340149308847953802e-01
8.225465050312633641e-01 9.633478328737468122e-01 1.016384720368521233e+00 1.055860626064765384e+00 1.029277597185985105e+00 1.000956240760327409e+00 9.355342088546282353e-01 8.617733012746989774e-01 7.632108961692900539e-01 6.736609494200496151e-01 5.623837186253202169e-01 4.513995373219887308e-01 3.442524143989195151e-01 2.449729308095945357e-01 1.509968653838373587e-01 7.188110613569248519e-02 6.334672746227661654e-03 5.182003938162973999e-02 7.792120557584654439e-02 8.279540575715195472e-02
8.014418251070372090e-01 9.371875752883808142e-01 9.953054700542959266e-01 1.016384720368521233e+00 1.016655701466016470e+00 9.775863381408284036e-01 9.227710086717315630e-01 8.538672294982924127e-01 7.767350952546214771e-01 6.760890579211039642e-01 5.755232972521947543e-01 4.775789631444355976e-01 3.739199255066295025e-01 2.785171023710943383e-01 1.912499879291567617e-01 1.146751410077990890e-01 5.182003938162973999e-02 4.480458683630785324e-03 3.268087657904367865e-02 4.388761120860851933e-02
7.465675154930616619e-01 8.737533024813787241e-01 9.371875752883808142e-01 9.633478328737468122e-01 9.519611990159086989e-01 9.162464646609449481e-01 8.780756585227362798e-01 8.116402852798604295e-01 7.345808879577889750e-01 6.507084997539380744e-01 5.597599014316047006e-01 4.655252089988475284e-01 3.734243451104496958e-01 2.868927765982184352e-01 2.065573613573253864e-01 1.365366025264611038e-01 7.792120557584654439e-02 3.268087657904367865e-02 2.396061341416556596e-03 1.640472107288652379e-02
6.455330561871068795e-01 7.465675154930616619e-01 8.014418251070372090e-01 8.225465050312633641e-01 8.211470468187772598e-01 7.954126595282363654e-01 7.548414647333117067e-01 7.031367911621284605e-01 6.368626501121340544e-01 5.698461817820433817e-01 4.908550754095006852e-01 4.120132248387147200e-01 3.336431899711706506e-01 2.624337374306199844e-01 1.934720085007526902e-01 1.340149308847953802e-01 8.279540575715195472e-02 4.388761120860851933e-02 1.640472107288652379e-02 1.001152112559735349e-03
