4.471226623511279845e-04 3.745609149958825310e-03 1.109697737551265488e-02 2.258252317269910173e-02 3.859955478860119943e-02 5.849544052191867072e-02 8.159465041806027163e-02 1.070617905498137679e-01 1.336705180768151813e-01 1.604853785307351344e-01 1.854472438250360511e-01 2.080671644226276262e-01 2.263028118958782531e-01 2.397424775611607384e-01 2.464323422232661265e-01 2.452829599296024177e-01 2.352504904194342994e-01 2.143772530987945735e-01 1.818249666784500507e-01 1.315948543953305017e-01
3.745609149958825310e-03 6.674019797313493008e-04 1.009304046777747231e-02 2.589661563583728690e-02 4.759004197671342501e-02 7.483488360007538309e-02 1.073368248614779974e-01 1.430369843084126347e-01 1.802759737328744893e-01 2.178725390618338198e-01 2.531480641781172491e-01 2.848783291037278453e-01 3.106646218891188638e-01 3.295676453296749742e-01 3.391431428292591144e-01 3.379557513468895436e-01 3.245229115378966966e-01 2.961994375202561813e-01 2.512830358172701839e-01 1.818249666784500507e-01
1.109697737551265488e-02 1.009304046777747231e-02 1.329309218912546817e-03 1.889029159202144578e-02 4.426933222797106715e-02 7.642600915471528533e-02 1.147867896735939031e-01 1.577698560548058404e-01 2.028539441543328048e-01 2.482770938638005354e-01 2.913080753277975665e-01 3.300782230447248389e-01 3.619191548455922280e-01 3.853276131302576513e-01 3.978634356971899044e-01 3.973618197998170509e-01 3.819660112507231031e-01 3.489947949771015079e-01 2.961994375202561813e-01 2.143772530987945735e-01
2.258252317269910173e-02 2.589661563583728690e-02 1.889029159202144578e-02 2.154686199214044841e-03 2.924411353299249255e-02 6.469362643867737628e-02 1.072440216045335293e-01 1.552686339053844511e-01 2.061439937030597191e-01 2.576556039949398080e-01 3.068567088344012483e-01 3.514361098223133251e-01 3.885639354350709507e-01 4.164456789475243781e-01 4.318534884490671799e-01 4.327315131934361125e-01 4.170616912235234897e-01 3.819660112507231031e-01 3.245229115378966966e-01 2.352504904194342994e-01
3.859955478860119943e-02 4.759004197671342501e-02 4.426933222797106715e-02 2.924411353299249255e-02 3.057224143465448601e-03 4.006224716618951576e-02 8.560922417567012888e-02 1.374033331159935645e-01 1.926123657777283338e-01 2.491368700287781568e-01 3.033587178964031184e-01 3.529645011018024969e-01 3.944019127205084518e-01 4.261163975788267444e-01 4.444720784659385582e-01 4.474748671256079668e-01 4.327315131934361125e-01 3.973618197998170509e-01 3.379557513468895436e-01 2.452829599296024177e-01
5.849544052191867072e-02 7.483488360007538309e-02 7.642600915471528533e-02 6.469362643867737628e-02 4.006224716618951576e-02 4.030535936565979305e-03 5.100867994241614634e-02 1.051040473452696244e-01 1.637204659180891142e-01 2.241749999423755246e-01 2.823706399638757358e-01 3.362406799509972677e-01 3.819660112507231586e-01 4.172534111952061475e-01 4.388468533249066383e-01 4.444720784659385582e-01 4.318534884490671799e-01 3.978634356971899044e-01 3.391431428292591144e-01 2.464323422232661265e-01
8.159465041806027163e-02 1.073368248614779974e-01 1.147867896735939031e-01 1.072440216045335293e-01 8.560922417567012888e-02 5.100867994241614634e-02 4.848218353038380272e-03 6.048679349570517533e-02 1.211903112262183307e-01 1.843998816464040846e-01 2.461332577811024269e-01 3.038069841875850052e-01 3.531815243941699989e-01 3.921058369518645170e-01 4.172534111952061475e-01 4.261163975788267444e-01 4.164456789475243781e-01 3.853276131302576513e-01 3.295676453296749742e-01 2.397424775611607384e-01
1.070617905498137679e-01 1.430369843084126347e-01 1.577698560548058404e-01 1.552686339053844511e-01 1.374033331159935645e-01 1.051040473452696244e-01 6.048679349570517533e-02 5.654321443024547950e-03 6.801443867104199625e-02 1.329313452656394889e-01 1.971960587946013643e-01 2.577842477669880505e-01 3.108665970918628174e-01 3.531815243941699989e-01 3.819660112507231586e-01 3.944019127205084518e-01 3.885639354350709507e-01 3.619191548455922280e-01 3.106646218891188638e-01 2.263028118958782531e-01
1.336705180768151813e-01 1.802759737328744893e-01 2.028539441543328048e-01 2.061439937030597191e-01 1.926123657777283338e-01 1.637204659180891142e-01 1.211903112262183307e-01 6.801443867104199625e-02 6.260855839668259468e-03 7.266863226669226239e-02 1.386730257424715618e-01 2.017183807479606128e-01 2.577842477669880505e-01 3.038069841875850052e-01 3.362406799509972677e-01 3.529645011018024969e-01 3.514361098223133251e-01 3.300782230447248389e-01 2.848783291037278453e-01 2.080671644226276262e-01
1.604853785307351344e-01 2.178725390618338198e-01 2.482770938638005354e-01 2.576556039949398080e-01 2.491368700287781568e-01 2.241749999423755246e-01 1.843998816464040846e-01 1.329313452656394889e-01 7.266863226669226239e-02 6.602968716881156726e-03 7.405193287085158615e-02 1.386730257424715618e-01 1.971960587946013643e-01 2.461332577811024269e-01 2.823706399638757358e-01 3.033587178964031184e-01 3.068567088344012483e-01 2.913080753277975665e-01 2.531480641781172491e-01 1.854472438250360511e-01
1.854472438250360511e-01 2.531480641781172491e-01 2.913080753277975665e-01 3.068567088344012483e-01 3.033587178964031184e-01 2.823706399638757358e-01 2.461332577811024269e-01 1.971960587946013643e-01 1.386730257424715618e-01 7.405193287085158615e-02 6.602968716881156726e-03 7.266863226669226239e-02 1.329313452656394889e-01 1.843998816464040846e-01 2.241749999423755246e-01 2.491368700287781568e-01 2.576556039949398080e-01 2.482770938638005354e-01 2.178725390618338198e-01 1.604853785307351344e-01
2.080671644226276262e-01 2.848783291037278453e-01 3.300782230447248389e-01 3.514361098223133251e-01 3.529645011018024969e-01 3.362406799509972677e-01 3.038069841875850052e-01 2.577842477669880505e-01 2.017183807479606128e-01 1.386730257424715618e-01 7.266863226669226239e-02 6.260855839668259468e-03 6.801443867104199625e-02 1.211903112262183307e-01 1.637204659180891142e-01 1.926123657777283338e-01 2.061439937030597191e-01 2.028539441543328048e-01 1.802759737328744893e-01 1.336705180768151813e-01
2.263028118958782531e-01 3.106646218891188638e-01 3.619191548455922280e-01 3.885639354350709507e-01 3.944019127205084518e-01 3.819660112507231586e-01 3.531815243941699989e-01 3.108665970918628174e-01 2.577842477669880505e-01 1.971960587946013643e-01 1.329313452656394889e-01 6.801443867104199625e-02 5.654321443024547950e-03 6.048679349570517533e-02 1.051040473452696244e-01 1.374033331159935645e-01 1.552686339053844511e-01 1.577698560548058404e-01 1.430369843084126347e-01 1.070617905498137679e-01
2.397424775611607384e-01 3.295676453296749742e-01 3.853276131302576513e-01 4.164456789475243781e-01 4.261163975788267444e-01 4.172534111952061475e-01 3.921058369518645170e-01 3.531815243941699989e-01 3.038069841875850052e-01 2.461332577811024269e-01 1.843998816464040846e-01 1.211903112262183307e-01 6.048679349570517533e-02 4.848218353038380272e-03 5.100867994241614634e-02 8.560922417567012888e-02 1.072440216045335293e-01 1.147867896735939031e-01 1.073368248614779974e-01 8.159465041806027163e-02
2.464323422232661265e-01 3.391431428292591144e-01 3.978634356971899044e-01 4.318534884490671799e-01 4.444720784659385582e-01 4.388468533249066383e-01 4.172534111952061475e-01 3.819660112507231586e-01 3.362406799509972677e-01 2.823706399638757358e-01 2.241749999423755246e-01 1.637204659180891142e-01 1.051040473452696244e-01 5.100867994241614634e-02 4.030535936565979305e-03 4.006224716618951576e-02 6.469362643867737628e-02 7.642600915471528533e-02 7.483488360007538309e-02 5.849544052191867072e-02
2.452829599296024177e-01 3.379557513468895436e-01 3.973618197998170509e-01 4.327315131934361125e-01 4.474748671256079668e-01 4.444720784659385582e-01 4.261163975788267444e-01 3.944019127205084518e-01 3.529645011018024969e-01 3.033587178964031184e-01 2.491368700287781568e-01 1.926123657777283338e-01 1.374033331159935645e-01 8.560922417567012888e-02 4.006224716618951576e-02 3.057224143465448601e-03 2.924411353299249255e-02 4.426933222797106715e-02 4.759004197671342501e-02 3.859955478860119943e-02
2.352504904194342994e-01 3.245229115378966966e-01 3.819660112507231031e-01 4.170616912235234897e-01 4.327315131934361125e-01 4.318534884490671799e-01 4.164456789475243781e-01 3.885639354350709507e-01 3.514361098223133251e-01 3.068567088344012483e-01 2.576556039949398080e-01 2.061439937030597191e-01 1.552686339053844511e-01 1.072440216045335293e-01 6.469362643867737628e-02 2.924411353299249255e-02 2.154686199214044841e-03 1.889029159202144578e-02 2.589661563583728690e-02 2.258252317269910173e-02
2.143772530987945735e-01 2.961994375202561813e-01 3.489947949771015079e-01 3.819660112507231031e-01 3.973618197998170509e-01 3.978634356971899044e-01 3.853276131302576513e-01 3.619191548455922280e-01 3.300782230447248389e-01 2.913080753277975665e-01 2.482770938638005354e-01 2.028539441543328048e-01 1.577698560548058404e-01 1.147867896735939031e-01 7.642600915471528533e-02 4.426933222797106715e-02 1.889029159202144578e-02 1.329309218912546817e-03 1.009304046777747231e-02 1.109697737551265488e-02
1.818249666784500507e-01 2.512830358172701839e-01 2.961994375202561813e-01 3.245229115378966966e-01 3.379557513468895436e-01 3.391431428292591144e-01 3.295676453296749742e-01 3.106646218891188638e-01 2.848783291037278453e-01 2.531480641781172491e-01 2.178725390618338198e-01 1.802759737328744893e-01 1.430369843084126347e-01 1.073368248614779974e-01 7.483488360007538309e-02 4.759004197671342501e-02 2.589661563583728690e-02 1.009304046777747231e-02 6.674019797313493008e-04 3.745609149958825310e-03
1.315948543953305017e-01 1.818249666784500507e-01 2.143772530987945735e-01 2.352504904194342994e-01 2.452829599296024177e-01 2.464323422232661265e-01 2.397424775611607384e-01 2.263028118958782531e-01 2.080671644226276262e-01 1.854472438250360511e-01 1.604853785307351344e-01 1.336705180768151813e-01 1.070617905498137679e-01 8.159465041806027163e-02 5.849544052191867072e-02 3.859955478860119943e-02 2.258252317269910173e-02 1.109697737551265488e-02 3.745609149958825310e-03 4.471226623511279845e-04
