0.000000000000000000e+00 0.000000000000000000e+00 0.000000000000000000e+00 0.000000000000000000e+00 0.000000000000000000e+00 0.000000000000000000e+00 0.000000000000000000e+00 0.000000000000000000e+00 0.000000000000000000e+00 0.000000000000000000e+00 0.000000000000000000e+00 0.000000000000000000e+00 0.000000000000000000e+00 0.000000000000000000e+00 0.000000000000000000e+00 0.000000000000000000e+00 0.000000000000000000e+00 0.000000000000000000e+00 0.000000000000000000e+00 0.000000000000000000e+00 0.000000000000000000e+00 0.000000000000000000e+00 0.000000000000000000e+00 0.000000000000000000e+00 0.000000000000000000e+00 0.000000000000000000e+00 0.000000000000000000e+00 0.000000000000000000e+00 0.000000000000000000e+00 0.000000000000000000e+00 0.000000000000000000e+00 0.000000000000000000e+00
0.000000000000000000e+00 0.000000000000000000e+00 0.000000000000000000e+00 0.000000000000000000e+00 0.000000000000000000e+00 0.000000000000000000e+00 0.000000000000000000e+00 0.000000000000000000e+00 0.000000000000000000e+00 0.000000000000000000e+00 0.000000000000000000e+00 0.000000000000000000e+00 0.000000000000000000e+00 0.000000000000000000e+00 0.000000000000000000e+00 0.000000000000000000e+00 0.000000000000000000e+00 0.000000000000000000e+00 0.000000000000000000e+00 0.000000000000000000e+00 0.000000000000000000e+00 0.000000000000000000e+00 0.000000000000000000e+00 0.000000000000000000e+00 0.000000000000000000e+00 0.000000000000000000e+00 0.000000000000000000e+00 0.000000000000000000e+00 0.000000000000000000e+00 0.000000000000000000e+00 0.000000000000000000e+00 0.000000000000000000e+00
0.000000000000000000e+00 0.000000000000000000e+00 0.000000000000000000e+00 0.000000000000000000e+00 0.000000000000000000e+00 0.000000000000000000e+00 0.000000000000000000e+00 0.000000000000000000e+00 0.000000000000000000e+00 0.000000000000000000e+00 0.000000000000000000e+00 0.000000000000000000e+00 0.000000000000000000e+00 0.000000000000000000e+00 0.000000000000000000e+00 0.000000000000000000e+00 0.000000000000000000e+00 0.000000000000000000e+00 0.000000000000000000e+00 0.000000000000000000e+00 0.000000000000000000e+00 0.000000000000000000e+00 0.000000000000000000e+00 0.000000000000000000e+00 0.000000000000000000e+00 0.000000000000000000e+00 0.000000000000000000e+00 0.000000000000000000e+00 0.000000000000000000e+00 0.000000000000000000e+00 0.000000000000000000e+00 0.000000000000000000e+00
0.000000000000000000e+00 0.000000000000000000e+00 0.000000000000000000e+00 0.000000000000000000e+00 0.000000000000000000e+00 0.000000000000000000e+00 0.000000000000000000e+00 0.000000000000000000e+00 0.000000000000000000e+00 0.000000000000000000e+00 0.000000000000000000e+00 0.000000000000000000e+00 0.000000000000000000e+00 0.000000000000000000e+00 0.000000000000000000e+00 0.000000000000000000e+00 0.000000000000000000e+00 0.000000000000000000e+00 0.000000000000000000e+00 0.000000000000000000e+00 0.000000000000000000e+00 0.000000000000000000e+00 0.000000000000000000e+00 0.000000000000000000e+00 0.000000000000000000e+00 0.000000000000000000e+00 0.000000000000000000e+00 0.000000000000000000e+00 0.000000000000000000e+00 0.000000000000000000e+00 0.000000000000000000e+00 0.000000000000000000e+00
0.000000000000000000e+00 0.000000000000000000e+00 0.000000000000000000e+00 0.000000000000000000e+00 0.000000000000000000e+00 0.000000000000000000e+00 0.000000000000000000e+00 0.000000000000000000e+00 0.000000000000000000e+00 0.000000000000000000e+00 0.000000000000000000e+00 0.000000000000000000e+00 0.000000000000000000e+00 0.000000000000000000e+00 0.000000000000000000e+00 0.000000000000000000e+00 0.000000000000000000e+00 0.000000000000000000e+00 0.000000000000000000e+00 0.000000000000000000e+00 0.000000000000000000e+00 0.000000000000000000e+00 0.000000000000000000e+00 0.000000000000000000e+00 0.000000000000000000e+00 0.000000000000000000e+00 0.000000000000000000e+00 0.000000000000000000e+00 0.000000000000000000e+00 0.000000000000000000e+00 0.000000000000000000e+00 0.000000000000000000e+00
0.000000000000000000e+00 0.000000000000000000e+00 0.000000000000000000e+00 0.000000000000000000e+00 0.000000000000000000e+00 0.000000000000000000e+00 0.000000000000000000e+00 0.000000000000000000e+00 0.000000000000000000e+00 9.007223177694115845e-01 9.813724095968335837e-01 7.740684979765619644e-01 6.903212459457218619e-01 5.561119053215139996e-01 5.233812360465510682e-01 4.849119888718232407e-01 5.820458092814676521e-01 4.473327764635537385e-01 3.688084742166350960e-01 0.000000000000000000e+00 0.000000000000000000e+00 0.000000000000000000e+00 0.000000000000000000e+00 0.000000000000000000e+00 0.000000000000000000e+00 0.000000000000000000e+00 0.000000000000000000e+00 0.000000000000000000e+00 0.000000000000000000e+00 0.000000000000000000e+00 0.000000000000000000e+00 0.000000000000000000e+00
0.000000000000000000e+00 0.000000000000000000e+00 0.000000000000000000e+00 0.000000000000000000e+00 0.000000000000000000e+00 0.000000000000000000e+00 0.000000000000000000e+00 9.272539721398191936e-01 6.388923752100958975e-01 7.469658440098769780e-01 8.002708615032624317e-01 6.979853614351839708e-01 7.164952097209206228e-01 6.520538278492628015e-01 6.449284390102179021e-01 5.758954847691923895e-01 5.951140462523156760e-01 5.057048965947815722e-01 4.269464421893328643e-01 3.831111502616431630e-01 3.295998046182650465e-01 0.000000000000000000e+00 0.000000000000000000e+00 0.000000000000000000e+00 0.000000000000000000e+00 0.000000000000000000e+00 0.000000000000000000e+00 0.000000000000000000e+00 0.000000000000000000e+00 0.000000000000000000e+00 0.000000000000000000e+00 0.000000000000000000e+00
0.000000000000000000e+00 0.000000000000000000e+00 0.000000000000000000e+00 0.000000000000000000e+00 0.000000000000000000e+00 0.000000000000000000e+00 9.272539721398191936e-01 2.810461069831899650e+01 1.137008831329005432e+00 1.293491056434277420e+00 1.015701243277231880e+00 7.846058561112386753e-01 7.127931011416153151e-01 5.298935044474796241e-01 5.072786239077528014e-01 4.859545406755908514e-01 4.968115267682746139e-01 5.723749493807639421e-01 6.003751475201286603e-01 6.853812248811989027e-01 7.099076629188446619e-01 9.149685424655089605e-01 0.000000000000000000e+00 0.000000000000000000e+00 0.000000000000000000e+00 0.000000000000000000e+00 0.000000000000000000e+00 0.000000000000000000e+00 0.000000000000000000e+00 0.000000000000000000e+00 0.000000000000000000e+00 0.000000000000000000e+00
0.000000000000000000e+00 0.000000000000000000e+00 0.000000000000000000e+00 0.000000000000000000e+00 0.000000000000000000e+00 0.000000000000000000e+00 6.388923752100958975e-01 1.137008831329005432e+00 4.940733431094781025e+00 1.061925134381533686e+00 9.024956675464342881e-01 6.920513873895783874e-01 6.575264139515605288e-01 6.185215481243180324e-01 6.010150009655739201e-01 5.714579292593530147e-01 5.634380837924424235e-01 5.979157539939038424e-01 6.003199183231331393e-01 6.315969814350661515e-01 6.540735506047258285e-01 7.507286800459301856e-01 8.518385681168807455e-01 0.000000000000000000e+00 0.000000000000000000e+00 0.000000000000000000e+00 0.000000000000000000e+00 0.000000000000000000e+00 0.000000000000000000e+00 0.000000000000000000e+00 0.000000000000000000e+00 0.000000000000000000e+00
0.000000000000000000e+00 0.000000000000000000e+00 0.000000000000000000e+00 0.000000000000000000e+00 0.000000000000000000e+00 9.007223177694115845e-01 7.469658440098769780e-01 1.293491056434277420e+00 1.061925134381533686e+00 2.514821633259852085e+00 1.056741333456038712e+00 7.951645426422062624e-01 7.181828387796659330e-01 5.984077616208316464e-01 5.757242738935155479e-01 5.464266689087100559e-01 5.509936595803662795e-01 5.852451880357655289e-01 6.009444475937485430e-01 6.677260416707532231e-01 7.028313538037194164e-01 8.428003170072462247e-01 1.037686853383294139e+00 8.518385681168807455e-01 0.000000000000000000e+00 0.000000000000000000e+00 0.000000000000000000e+00 0.000000000000000000e+00 0.000000000000000000e+00 0.000000000000000000e+00 0.000000000000000000e+00 0.000000000000000000e+00
0.000000000000000000e+00 0.000000000000000000e+00 0.000000000000000000e+00 0.000000000000000000e+00 0.000000000000000000e+00 9.813724095968335837e-01 8.002708615032624317e-01 1.015701243277231880e+00 9.024956675464342881e-01 1.056741333456038712e+00 1.691421550392347317e+00 7.232166041685428315e-01 6.708376387394409113e-01 6.533951237357075170e-01 6.326624277389883977e-01 6.149656530741842708e-01 6.121876247022671746e-01 6.322277492752573780e-01 6.380778982921517795e-01 6.764025887484080846e-01 6.851190341373735171e-01 7.689698768207383628e-01 8.428003170072462247e-01 7.507286800459301856e-01 9.149685424655089605e-01 0.000000000000000000e+00 0.000000000000000000e+00 0.000000000000000000e+00 0.000000000000000000e+00 0.000000000000000000e+00 0.000000000000000000e+00 0.000000000000000000e+00
0.000000000000000000e+00 0.000000000000000000e+00 0.000000000000000000e+00 0.000000000000000000e+00 0.000000000000000000e+00 7.740684979765619644e-01 6.979853614351839708e-01 7.846058561112386753e-01 6.920513873895783874e-01 7.951645426422062624e-01 7.232166041685428315e-01 0.000000000000000000e+00 7.295445895530721092e-01 6.889604988948977438e-01 6.954096268161005234e-01 6.852583436615168333e-01 6.785102661420805426e-01 6.829877863749281852e-01 6.741542120210093358e-01 6.830846529510239407e-01 6.717644094524357623e-01 6.851190341373735171e-01 7.028313538037194164e-01 6.540735506047258285e-01 7.099076629188446619e-01 3.295998046182650465e-01 0.000000000000000000e+00 0.000000000000000000e+00 0.000000000000000000e+00 0.000000000000000000e+00 0.000000000000000000e+00 0.000000000000000000e+00
0.000000000000000000e+00 0.000000000000000000e+00 0.000000000000000000e+00 0.000000000000000000e+00 0.000000000000000000e+00 6.903212459457218619e-01 7.164952097209206228e-01 7.127931011416153151e-01 6.575264139515605288e-01 7.181828387796659330e-01 6.708376387394409113e-01 7.295445895530721092e-01 7.782414716667177546e-01 7.315628437266994410e-01 7.185327998376762615e-01 7.207233993920120207e-01 7.206846440981719004e-01 7.050225806743767309e-01 7.027868931462237789e-01 6.948279387623527148e-01 6.830846529510239407e-01 6.764025887484080846e-01 6.677260416707532231e-01 6.315969814350661515e-01 6.853812248811989027e-01 3.831111502616431630e-01 0.000000000000000000e+00 0.000000000000000000e+00 0.000000000000000000e+00 0.000000000000000000e+00 0.000000000000000000e+00 0.000000000000000000e+00
0.000000000000000000e+00 0.000000000000000000e+00 0.000000000000000000e+00 0.000000000000000000e+00 0.000000000000000000e+00 5.561119053215139996e-01 6.520538278492628015e-01 5.298935044474796241e-01 6.185215481243180324e-01 5.984077616208316464e-01 6.533951237357075170e-01 6.889604988948977438e-01 7.315628437266994410e-01 0.000000000000000000e+00 7.715378710142399843e-01 7.863988007057585161e-01 7.876366590407302137e-01 7.582543255497337098e-01 7.409234709070591229e-01 7.027868931462237789e-01 6.741542120210093358e-01 6.380778982921517795e-01 6.009444475937485430e-01 6.003199183231331393e-01 6.003751475201286603e-01 4.269464421893328643e-01 3.688084742166350960e-01 0.000000000000000000e+00 0.000000000000000000e+00 0.000000000000000000e+00 0.000000000000000000e+00 0.000000000000000000e+00
0.000000000000000000e+00 0.000000000000000000e+00 0.000000000000000000e+00 0.000000000000000000e+00 0.000000000000000000e+00 5.233812360465510682e-01 6.449284390102179021e-01 5.072786239077528014e-01 6.010150009655739201e-01 5.757242738935155479e-01 6.326624277389883977e-01 6.954096268161005234e-01 7.185327998376762615e-01 7.715378710142399843e-01 0.000000000000000000e+00 8.253328224950020608e-01 8.082622435337252220e-01 7.820347275547857580e-01 7.582543255497337098e-01 7.050225806743767309e-01 6.829877863749281852e-01 6.322277492752573780e-01 5.852451880357655289e-01 5.979157539939038424e-01 5.723749493807639421e-01 5.057048965947815722e-01 4.473327764635537385e-01 0.000000000000000000e+00 0.000000000000000000e+00 0.000000000000000000e+00 0.000000000000000000e+00 0.000000000000000000e+00
0.000000000000000000e+00 0.000000000000000000e+00 0.000000000000000000e+00 0.000000000000000000e+00 0.000000000000000000e+00 4.849119888718232407e-01 5.758954847691923895e-01 4.859545406755908514e-01 5.714579292593530147e-01 5.464266689087100559e-01 6.149656530741842708e-01 6.852583436615168333e-01 7.207233993920120207e-01 7.863988007057585161e-01 8.253328224950020608e-01 0.000000000000000000e+00 8.492001934094078885e-01 8.082622435337252220e-01 7.876366590407302137e-01 7.206846440981719004e-01 6.785102661420805426e-01 6.121876247022671746e-01 5.509936595803662795e-01 5.634380837924424235e-01 4.968115267682746139e-01 5.951140462523156760e-01 5.820458092814676521e-01 0.000000000000000000e+00 0.000000000000000000e+00 0.000000000000000000e+00 0.000000000000000000e+00 0.000000000000000000e+00
0.000000000000000000e+00 0.000000000000000000e+00 0.000000000000000000e+00 0.000000000000000000e+00 0.000000000000000000e+00 5.820458092814676521e-01 5.951140462523156760e-01 4.968115267682746139e-01 5.634380837924424235e-01 5.509936595803662795e-01 6.121876247022671746e-01 6.785102661420805426e-01 7.206846440981719004e-01 7.876366590407302137e-01 8.082622435337252220e-01 8.492001934094078885e-01 0.000000000000000000e+00 8.253328224950020608e-01 7.863988007057585161e-01 7.207233993920120207e-01 6.852583436615168333e-01 6.149656530741842708e-01 5.464266689087100559e-01 5.714579292593530147e-01 4.859545406755908514e-01 5.758954847691923895e-01 4.849119888718232407e-01 0.000000000000000000e+00 0.000000000000000000e+00 0.000000000000000000e+00 0.000000000000000000e+00 0.000000000000000000e+00
0.000000000000000000e+00 0.000000000000000000e+00 0.000000000000000000e+00 0.000000000000000000e+00 0.000000000000000000e+00 4.473327764635537385e-01 5.057048965947815722e-01 5.723749493807639421e-01 5.979157539939038424e-01 5.852451880357655289e-01 6.322277492752573780e-01 6.829877863749281852e-01 7.050225806743767309e-01 7.582543255497337098e-01 7.820347275547857580e-01 8.082622435337252220e-01 8.253328224950020608e-01 0.000000000000000000e+00 7.715378710142399843e-01 7.185327998376762615e-01 6.954096268161005234e-01 6.326624277389883977e-01 5.757242738935155479e-01 6.010150009655739201e-01 5.072786239077528014e-01 6.449284390102179021e-01 5.233812360465510682e-01 0.000000000000000000e+00 0.000000000000000000e+00 0.000000000000000000e+00 0.000000000000000000e+00 0.000000000000000000e+00
0.000000000000000000e+00 0.000000000000000000e+00 0.000000000000000000e+00 0.000000000000000000e+00 0.000000000000000000e+00 3.688084742166350960e-01 4.269464421893328643e-01 6.003751475201286603e-01 6.003199183231331393e-01 6.009444475937485430e-01 6.380778982921517795e-01 6.741542120210093358e-01 7.027868931462237789e-01 7.409234709070591229e-01 7.582543255497337098e-01 7.876366590407302137e-01 7.863988007057585161e-01 7.715378710142399843e-01 0.000000000000000000e+00 7.315628437266994410e-01 6.889604988948977438e-01 6.533951237357075170e-01 5.984077616208316464e-01 6.185215481243180324e-01 5.298935044474796241e-01 6.520538278492628015e-01 5.561119053215139996e-01 0.000000000000000000e+00 0.000000000000000000e+00 0.000000000000000000e+00 0.000000000000000000e+00 0.000000000000000000e+00
0.000000000000000000e+00 0.000000000000000000e+00 0.000000000000000000e+00 0.000000000000000000e+00 0.000000000000000000e+00 0.000000000000000000e+00 3.831111502616431630e-01 6.853812248811989027e-01 6.315969814350661515e-01 6.677260416707532231e-01 6.764025887484080846e-01 6.830846529510239407e-01 6.948279387623527148e-01 7.027868931462237789e-01 7.050225806743767309e-01 7.206846440981719004e-01 7.207233993920120207e-01 7.185327998376762615e-01 7.315628437266994410e-01 7.782414716667177546e-01 7.295445895530721092e-01 6.708376387394409113e-01 7.181828387796659330e-01 6.575264139515605288e-01 7.127931011416153151e-01 7.164952097209206228e-01 6.903212459457218619e-01 0.000000000000000000e+00 0.000000000000000000e+00 0.000000000000000000e+00 0.000000000000000000e+00 0.000000000000000000e+00
0.000000000000000000e+00 0.000000000000000000e+00 0.000000000000000000e+00 0.000000000000000000e+00 0.000000000000000000e+00 0.000000000000000000e+00 3.295998046182650465e-01 7.099076629188446619e-01 6.540735506047258285e-01 7.028313538037194164e-01 6.851190341373735171e-01 6.717644094524357623e-01 6.830846529510239407e-01 6.741542120210093358e-01 6.829877863749281852e-01 6.785102661420805426e-01 6.852583436615168333e-01 6.954096268161005234e-01 6.889604988948977438e-01 7.295445895530721092e-01 0.000000000000000000e+00 7.232166041685428315e-01 7.951645426422062624e-01 6.920513873895783874e-01 7.846058561112386753e-01 6.979853614351839708e-01 7.740684979765619644e-01 0.000000000000000000e+00 0.000000000000000000e+00 0.000000000000000000e+00 0.000000000000000000e+00 0.000000000000000000e+00
0.000000000000000000e+00 0.000000000000000000e+00 0.000000000000000000e+00 0.000000000000000000e+00 0.000000000000000000e+00 0.000000000000000000e+00 0.000000000000000000e+00 9.149685424655089605e-01 7.507286800459301856e-01 8.428003170072462247e-01 7.689698768207383628e-01 6.851190341373735171e-01 6.764025887484080846e-01 6.380778982921517795e-01 6.322277492752573780e-01 6.121876247022671746e-01 6.149656530741842708e-01 6.326624277389883977e-01 6.533951237357075170e-01 6.708376387394409113e-01 7.232166041685428315e-01 1.691421550392347317e+00 1.056741333456038712e+00 9.024956675464342881e-01 1.015701243277231880e+00 8.002708615032624317e-01 9.813724095968335837e-01 0.000000000000000000e+00 0.000000000000000000e+00 0.000000000000000000e+00 0.000000000000000000e+00 0.000000000000000000e+00
0.000000000000000000e+00 0.000000000000000000e+00 0.000000000000000000e+00 0.000000000000000000e+00 0.000000000000000000e+00 0.000000000000000000e+00 0.000000000000000000e+00 0.000000000000000000e+00 8.518385681168807455e-01 1.037686853383294139e+00 8.428003170072462247e-01 7.028313538037194164e-01 6.677260416707532231e-01 6.009444475937485430e-01 5.852451880357655289e-01 5.509936595803662795e-01 5.464266689087100559e-01 5.757242738935155479e-01 5.984077616208316464e-01 7.181828387796659330e-01 7.951645426422062624e-01 1.056741333456038712e+00 2.514821633259852085e+00 1.061925134381533686e+00 1.293491056434277420e+00 7.469658440098769780e-01 9.007223177694115845e-01 0.000000000000000000e+00 0.000000000000000000e+00 0.000000000000000000e+00 0.000000000000000000e+00 0.000000000000000000e+00
0.000000000000000000e+00 0.000000000000000000e+00 0.000000000000000000e+00 0.000000000000000000e+00 0.000000000000000000e+00 0.000000000000000000e+00 0.000000000000000000e+00 0.000000000000000000e+00 0.000000000000000000e+00 8.518385681168807455e-01 7.507286800459301856e-01 6.540735506047258285e-01 6.315969814350661515e-01 6.003199183231331393e-01 5.979157539939038424e-01 5.634380837924424235e-01 5.714579292593530147e-01 6.010150009655739201e-01 6.185215481243180324e-01 6.575264139515605288e-01 6.920513873895783874e-01 9.024956675464342881e-01 1.061925134381533686e+00 4.940733431094781025e+00 1.137008831329005432e+00 6.388923752100958975e-01 0.000000000000000000e+00 0.000000000000000000e+00 0.000000000000000000e+00 0.000000000000000000e+00 0.000000000000000000e+00 0.000000000000000000e+00
0.000000000000000000e+00 0.000000000000000000e+00 0.000000000000000000e+00 0.000000000000000000e+00 0.000000000000000000e+00 0.000000000000000000e+00 0.000000000000000000e+00 0.000000000000000000e+00 0.000000000000000000e+00 0.000000000000000000e+00 9.149685424655089605e-01 7.099076629188446619e-01 6.853812248811989027e-01 6.003751475201286603e-01 5.723749493807639421e-01 4.968115267682746139e-01 4.859545406755908514e-01 5.072786239077528014e-01 5.298935044474796241e-01 7.127931011416153151e-01 7.846058561112386753e-01 1.015701243277231880e+00 1.293491056434277420e+00 1.137008831329005432e+00 2.810461069831899650e+01 9.272539721398191936e-01 0.000000000000000000e+00 0.000000000000000000e+00 0.000000000000000000e+00 0.000000000000000000e+00 0.000000000000000000e+00 0.000000000000000000e+00
0.000000000000000000e+00 0.000000000000000000e+00 0.000000000000000000e+00 0.000000000000000000e+00 0.000000000000000000e+00 0.000000000000000000e+00 0.000000000000000000e+00 0.000000000000000000e+00 0.000000000000000000e+00 0.000000000000000000e+00 0.000000000000000000e+00 3.295998046182650465e-01 3.831111502616431630e-01 4.269464421893328643e-01 5.057048965947815722e-01 5.951140462523156760e-01 5.758954847691923895e-01 6.449284390102179021e-01 6.520538278492628015e-01 7.164952097209206228e-01 6.979853614351839708e-01 8.002708615032624317e-01 7.469658440098769780e-01 6.388923752100958975e-01 9.272539721398191936e-01 0.000000000000000000e+00 0.000000000000000000e+00 0.000000000000000000e+00 0.000000000000000000e+00 0.000000000000000000e+00 0.000000000000000000e+00 0.000000000000000000e+00
0.000000000000000000e+00 0.000000000000000000e+00 0.000000000000000000e+00 0.000000000000000000e+00 0.000000000000000000e+00 0.000000000000000000e+00 0.000000000000000000e+00 0.000000000000000000e+00 0.000000000000000000e+00 0.000000000000000000e+00 0.000000000000000000e+00 0.000000000000000000e+00 0.000000000000000000e+00 3.688084742166350960e-01 4.473327764635537385e-01 5.820458092814676521e-01 4.849119888718232407e-01 5.233812360465510682e-01 5.561119053215139996e-01 6.903212459457218619e-01 7.740684979765619644e-01 9.813724095968335837e-01 9.007223177694115845e-01 0.000000000000000000e+00 0.000000000000000000e+00 0.000000000000000000e+00 0.000000000000000000e+00 0.000000000000000000e+00 0.000000000000000000e+00 0.000000000000000000e+00 0.000000000000000000e+00 0.000000000000000000e+00
0.000000000000000000e+00 0.000000000000000000e+00 0.000000000000000000e+00 0.000000000000000000e+00 0.000000000000000000e+00 0.000000000000000000e+00 0.000000000000000000e+00 0.000000000000000000e+00 0.000000000000000000e+00 0.000000000000000000e+00 0.000000000000000000e+00 0.000000000000000000e+00 0.000000000000000000e+00 0.000000000000000000e+00 0.000000000000000000e+00 0.000000000000000000e+00 0.000000000000000000e+00 0.000000000000000000e+00 0.000000000000000000e+00 0.000000000000000000e+00 0.000000000000000000e+00 0.000000000000000000e+00 0.000000000000000000e+00 0.000000000000000000e+00 0.000000000000000000e+00 0.000000000000000000e+00 0.000000000000000000e+00 0.000000000000000000e+00 0.000000000000000000e+00 0.000000000000000000e+00 0.000000000000000000e+00 0.000000000000000000e+00
0.000000000000000000e+00 0.000000000000000000e+00 0.000000000000000000e+00 0.000000000000000000e+00 0.000000000000000000e+00 0.000000000000000000e+00 0.000000000000000000e+00 0.000000000000000000e+00 0.000000000000000000e+00 0.000000000000000000e+00 0.000000000000000000e+00 0.000000000000000000e+00 0.000000000000000000e+00 0.000000000000000000e+00 0.000000000000000000e+00 0.000000000000000000e+00 0.000000000000000000e+00 0.000000000000000000e+00 0.000000000000000000e+00 0.000000000000000000e+00 0.000000000000000000e+00 0.000000000000000000e+00 0.000000000000000000e+00 0.000000000000000000e+00 0.000000000000000000e+00 0.000000000000000000e+00 0.000000000000000000e+00 0.000000000000000000e+00 0.000000000000000000e+00 0.000000000000000000e+00 0.000000000000000000e+00 0.000000000000000000e+00
0.000000000000000000e+00 0.000000000000000000e+00 0.000000000000000000e+00 0.000000000000000000e+00 0.000000000000000000e+00 0.000000000000000000e+00 0.000000000000000000e+00 0.000000000000000000e+00 0.000000000000000000e+00 0.000000000000000000e+00 0.000000000000000000e+00 0.000000000000000000e+00 0.000000000000000000e+00 0.000000000000000000e+00 0.000000000000000000e+00 0.000000000000000000e+00 0.000000000000000000e+00 0.000000000000000000e+00 0.000000000000000000e+00 0.000000000000000000e+00 0.000000000000000000e+00 0.000000000000000000e+00 0.000000000000000000e+00 0.000000000000000000e+00 0.000000000000000000e+00 0.000000000000000000e+00 0.000000000000000000e+00 0.000000000000000000e+00 0.000000000000000000e+00 0.000000000000000000e+00 0.000000000000000000e+00 0.000000000000000000e+00
0.000000000000000000e+00 0.000000000000000000e+00 0.000000000000000000e+00 0.000000000000000000e+00 0.000000000000000000e+00 0.000000000000000000e+00 0.000000000000000000e+00 0.000000000000000000e+00 0.000000000000000000e+00 0.000000000000000000e+00 0.000000000000000000e+00 0.000000000000000000e+00 0.000000000000000000e+00 0.000000000000000000e+00 0.000000000000000000e+00 0.000000000000000000e+00 0.000000000000000000e+00 0.000000000000000000e+00 0.000000000000000000e+00 0.000000000000000000e+00 0.000000000000000000e+00 0.000000000000000000e+00 0.000000000000000000e+00 0.000000000000000000e+00 0.000000000000000000e+00 0.000000000000000000e+00 0.000000000000000000e+00 0.000000000000000000e+00 0.000000000000000000e+00 0.000000000000000000e+00 0.000000000000000000e+00 0.000000000000000000e+00
0.000000000000000000e+00 0.000000000000000000e+00 0.000000000000000000e+00 0.000000000000000000e+00 0.000000000000000000e+00 0.000000000000000000e+00 0.000000000000000000e+00 0.000000000000000000e+00 0.000000000000000000e+00 0.000000000000000000e+00 0.000000000000000000e+00 0.000000000000000000e+00 0.000000000000000000e+00 0.000000000000000000e+00 0.000000000000000000e+00 0.000000000000000000e+00 0.000000000000000000e+00 0.000000000000000000e+00 0.000000000000000000e+00 0.000000000000000000e+00 0.000000000000000000e+00 0.000000000000000000e+00 0.000000000000000000e+00 0.000000000000000000e+00 0.000000000000000000e+00 0.000000000000000000e+00 0.000000000000000000e+00 0.000000000000000000e+00 0.000000000000000000e+00 0.000000000000000000e+00 0.000000000000000000e+00 0.000000000000000000e+00
